[gd_scene load_steps=53 format=3 uid="uid://c57b16nj7p50k"]

[ext_resource type="PackedScene" uid="uid://cuqpjlp4i7pkb" path="res://scenes/camera.tscn" id="3_o5mjl"]
[ext_resource type="Shader" path="res://shaders/outline.gdshader" id="4_r3k4d"]
[ext_resource type="PackedScene" uid="uid://fjthfaw7y0rj" path="res://models/env/groundplane.glb" id="4_typib"]
[ext_resource type="PackedScene" uid="uid://eybvp4b45810" path="res://models/env/river.glb" id="5_072mw"]
[ext_resource type="PackedScene" uid="uid://cjookd7f5kqrj" path="res://models/env/rockwall.glb" id="6_r3iyf"]
[ext_resource type="PackedScene" uid="uid://btc5eljbycubc" path="res://scenes/campfire.tscn" id="7_v3iri"]
[ext_resource type="PackedScene" uid="uid://c68os6cnjx62" path="res://models/buildings/Cottage.glb" id="8_l5dyg"]
[ext_resource type="PackedScene" uid="uid://b36ddsdbnkdw4" path="res://models/props/SM_Prop_Meadow_Fence_01.glb" id="10_2g8be"]
[ext_resource type="PackedScene" uid="uid://bodtsih535a4t" path="res://models/props/props 2/SM_Prop_Meadow_Fence_Post_01.glb" id="11_24xjg"]
[ext_resource type="PackedScene" uid="uid://w4f6rjthf1xq" path="res://models/props/props 2/SM_Env_Rock_Pile_07.glb" id="12_r2rnu"]
[ext_resource type="PackedScene" uid="uid://cviw7r7ve4fjh" path="res://models/props/props 2/SM_Prop_Bridge_01.glb" id="13_v45le"]
[ext_resource type="PackedScene" uid="uid://cc5ul3ngb6iju" path="res://models/props/props 2/SM_Prop_Wagon_Broken_01.glb" id="14_1i6cn"]
[ext_resource type="PackedScene" uid="uid://ulx1lvm86f65" path="res://models/props/props 2/SM_Prop_Well_01.glb" id="15_w84jh"]
[ext_resource type="PackedScene" uid="uid://dcdbvjiw3egq7" path="res://models/props/props 3/SM_Env_Tree_Burnt_02.glb" id="16_fxy68"]
[ext_resource type="PackedScene" uid="uid://41hfmw7eyhpx" path="res://models/props/props 3/SM_Env_Tree_Dead_04.glb" id="17_l7vry"]
[ext_resource type="PackedScene" uid="uid://dka4ewg12ndqh" path="res://models/props/tree_stump.glb" id="18_d0n35"]
[ext_resource type="PackedScene" uid="uid://bm1w7rsdcoxyw" path="res://models/props/props 3/SM_Env_Tree_Large_01.glb" id="19_tsr2l"]
[ext_resource type="PackedScene" uid="uid://5cfvmdv48ghc" path="res://models/props/props 3/SM_Env_Tree_Large_02.glb" id="20_bt5sy"]
[ext_resource type="PackedScene" uid="uid://hqfsa7bgo504" path="res://models/props/props 3/SM_Env_Tree_Round_01.glb" id="21_enkpu"]
[ext_resource type="PackedScene" uid="uid://cblprjas2q35r" path="res://models/props/props 3/SM_Env_Tree_Round_02.glb" id="22_rllul"]
[ext_resource type="PackedScene" uid="uid://cxuri3ycq3vq4" path="res://models/props/props 3/SM_Env_Tree_Round_03.glb" id="23_5fv3u"]
[ext_resource type="PackedScene" uid="uid://dwvej8p6y5ms3" path="res://models/props/props 3/SM_Env_Bush_Small_01.glb" id="24_07osn"]
[ext_resource type="PackedScene" uid="uid://cj6j4fhrbal1u" path="res://models/props/props 3/SM_Env_Bush_Cluster_01.glb" id="25_w1fjc"]
[ext_resource type="PackedScene" uid="uid://c0iurm5hclif0" path="res://models/props/props 3/SM_Env_Bush_Cluster_02.glb" id="26_4h01b"]
[ext_resource type="PackedScene" uid="uid://bx6gsl1k6otws" path="res://scenes/pickable_item.tscn" id="27_7juq0"]
[ext_resource type="PackedScene" uid="uid://cdqnl361gsuj2" path="res://models/props/props 3/SM_Env_Bush_Small_02.glb" id="27_270re"]
[ext_resource type="PackedScene" uid="uid://cwycwp30gjjet" path="res://scenes/character.tscn" id="27_f6hob"]
[ext_resource type="PackedScene" uid="uid://cshpgm7tlwbjh" path="res://models/props/props 3/SM_Env_Fern_01.glb" id="28_2t30s"]
[ext_resource type="PackedScene" uid="uid://d2d3htoaak1f2" path="res://models/props/props 3/SM_Env_Fern_02.glb" id="29_2t0gp"]
[ext_resource type="PackedScene" uid="uid://d03ks68mrqolr" path="res://models/props/props 2/SM_Env_Rock_Small_Pile_02.glb" id="30_7feg1"]
[ext_resource type="PackedScene" uid="uid://c3myglujgjihm" path="res://models/props/props 3/SM_Env_Flowers_01.glb" id="31_yx6jr"]
[ext_resource type="PackedScene" uid="uid://cqqk6cif4sljv" path="res://models/props/props 3/SM_Env_Flowers_02.glb" id="32_8eth5"]
[ext_resource type="PackedScene" uid="uid://bqbundet71ukq" path="res://models/props/props 3/SM_Env_Big_Tree_01.glb" id="33_dp17g"]
[ext_resource type="PackedScene" uid="uid://5y7gp4plvp2j" path="res://models/buildings/Village house 1.glb" id="34_k13mp"]
[ext_resource type="PackedScene" uid="uid://cabissdsw8rsc" path="res://models/props/props 3/SM_Bld_House_Stairs_Stone_02.glb" id="35_fkilg"]
[ext_resource type="PackedScene" uid="uid://k1gfdhd80rfm" path="res://models/props/props 2/SM_Prop_Stonewall_Pillar_01.glb" id="36_csggv"]
[ext_resource type="PackedScene" uid="uid://br8pmn8rmb2ki" path="res://models/buildings/Village house 2.glb" id="37_nvjfd"]
[ext_resource type="PackedScene" uid="uid://cwc8r7223ms13" path="res://models/props/props 3/SM_Bld_House_Stairs_Stone_Block_01.glb" id="38_lkjly"]
[ext_resource type="PackedScene" uid="uid://n88p3vyyshe" path="res://models/buildings/Church.glb" id="39_3hn73"]
[ext_resource type="PackedScene" uid="uid://b2ji7cs41tri6" path="res://models/env/cave_entrance.glb" id="40_385g3"]
[ext_resource type="PackedScene" uid="uid://bfueppb4pyn5x" path="res://models/props/props 2/SM_Prop_Mushroom_Group_04.glb" id="41_6jdg1"]
[ext_resource type="PackedScene" uid="uid://cpfjrh16hbm6e" path="res://models/props/props 2/SM_Prop_Mushroom_Sparse_02.glb" id="42_io4t0"]
[ext_resource type="PackedScene" uid="uid://bvhej18ixgcb0" path="res://models/props/props 2/SM_Env_Rock_Cliff_04.glb" id="43_bw1m0"]
[ext_resource type="PackedScene" uid="uid://cmaukaccuf624" path="res://models/props/props 2/SM_Env_Rock_Cliff_02.glb" id="44_qjjpu"]
[ext_resource type="PackedScene" uid="uid://bojyukytykgrs" path="res://models/props/props 2/SM_Env_Rock_Cliff_01.glb" id="45_7fmlw"]
[ext_resource type="PackedScene" uid="uid://bsvmeixxq30no" path="res://models/props/props 2/SM_Env_Rock_Cliff_03.glb" id="46_h51cg"]
[ext_resource type="PackedScene" uid="uid://dmgvpe2u32ggo" path="res://models/props/props 3/SM_Env_Bush_01.glb" id="47_6bgbo"]

[sub_resource type="ShaderMaterial" id="ShaderMaterial_shc8u"]
render_priority = 0
shader = ExtResource("4_r3k4d")
shader_parameter/depth_threshold = 0.05
shader_parameter/reverse_depth_threshold = 0.25
shader_parameter/normal_threshold = 0.6
shader_parameter/darken_amount = 0.3
shader_parameter/lighten_amount = 1.5
shader_parameter/normal_edge_bias = Vector3(1, 1, 1)
shader_parameter/light_direction = Vector3(-0.96, -0.18, 0.2)

[sub_resource type="ShaderMaterial" id="ShaderMaterial_ye7d4"]

[sub_resource type="QuadMesh" id="QuadMesh_ga03j"]
material = SubResource("ShaderMaterial_ye7d4")
flip_faces = true
size = Vector2(2, 2)

[sub_resource type="QuadMesh" id="QuadMesh_u6j8n"]

[sub_resource type="StandardMaterial3D" id="StandardMaterial3D_vi1yy"]
albedo_color = Color(0, 0, 0, 1)

[node name="Node3D" type="Node3D"]

[node name="CameraRoot" parent="." node_paths=PackedStringArray("target") instance=ExtResource("3_o5mjl")]
transform = Transform3D(1, 0, 0, 0, 1, 0, 0, 0, 1, -20.3216, 9.90298, -21.8712)
target = NodePath("../CharacterBody3D")

[node name="MeshInstance3D" type="MeshInstance3D" parent="CameraRoot"]
transform = Transform3D(1, -0.000296706, 0, 0.000296706, 1, 0, 0, 0, 1, 0, 0, 0)
sorting_offset = -1000.0
material_override = SubResource("ShaderMaterial_shc8u")
extra_cull_margin = 16384.0
mesh = SubResource("QuadMesh_ga03j")
skeleton = NodePath("../../..")

[node name="groundplane" parent="." instance=ExtResource("4_typib")]
transform = Transform3D(1, 0, 0, 0, 1, 0, 0, 0, 1, -0.0142393, 0.000554085, -0.000209808)

[node name="river" parent="." instance=ExtResource("5_072mw")]

[node name="rockwall" parent="." instance=ExtResource("6_r3iyf")]

[node name="SM_Env_Rock_Small_Pile_022" parent="rockwall" instance=ExtResource("30_7feg1")]
transform = Transform3D(1, 0, 0, 0, 1, 0, 0, 0, 1, 29.8361, 2.1347, -27.9538)

[node name="SM_Env_Rock_Cliff_042" parent="rockwall" instance=ExtResource("43_bw1m0")]
transform = Transform3D(-3.92487e-08, -0.897905, -0.44019, 1, -4.37114e-08, 0, -1.92413e-08, -0.44019, 0.897905, 44.2913, 3.36191, -23.7463)

[node name="SM_Env_Rock_Cliff_022" parent="rockwall" instance=ExtResource("44_qjjpu")]
transform = Transform3D(1, 0, 0, 0, 1, 0, 0, 0, 1, 44.6637, -0.881516, -37.6351)

[node name="SM_Env_Rock_Cliff_043" parent="rockwall" instance=ExtResource("43_bw1m0")]
transform = Transform3D(-4.37114e-08, -1, 0, 1, -4.37114e-08, 0, 0, 0, 1, 45.5194, 3.08079, -47.6895)

[node name="SM_Env_Rock_Cliff_012" parent="rockwall" instance=ExtResource("45_7fmlw")]
transform = Transform3D(0.798657, 0, -0.601787, 0, 1, 0, 0.601787, 0, 0.798657, 40.3295, 10.2004, 14.6158)

[node name="SM_Env_Rock_Cliff_044" parent="rockwall" instance=ExtResource("43_bw1m0")]
transform = Transform3D(-4.25313e-08, -0.973002, -0.230797, 1, -4.37114e-08, 0, -1.00885e-08, -0.230797, 0.973002, 44.437, 15.0818, 5.54379)

[node name="SM_Env_Rock_Cliff_032" parent="rockwall" instance=ExtResource("46_h51cg")]
transform = Transform3D(0.781891, 0, 0.623416, 0, 1, 0, -0.623416, 0, 0.781891, 42.6241, 8.19096, -5.37884)

[node name="SM_Env_Rock_Cliff_013" parent="rockwall" instance=ExtResource("45_7fmlw")]
transform = Transform3D(1, 0, 0, 0, 1, 0, 0, 0, 1, 42.0474, 3.26832, -12.9446)

[node name="SM_Env_Rock_Cliff_033" parent="rockwall" instance=ExtResource("46_h51cg")]
transform = Transform3D(0.800752, 0, 0.598996, 0, 1, 0, -0.598996, 0, 0.800752, 43.0632, 17.9119, 20.7472)

[node name="campfire_area" parent="." instance=ExtResource("7_v3iri")]
transform = Transform3D(0.998753, -0.0499306, 0, 0.0499306, 0.998753, 0, 0, 0, 1, -26.205, 6.5981, -20.7586)

[node name="static_environment" type="Node3D" parent="."]

[node name="house_on_platform" type="Node3D" parent="static_environment"]

[node name="Cottage2" parent="static_environment/house_on_platform" instance=ExtResource("8_l5dyg")]
transform = Transform3D(0.837309, 0, 0.994442, 0, 1.3, 0, -0.994442, 0, 0.837309, 0.101305, 9.57273, -5.11172)

[node name="SM_Prop_Meadow_Fence_012" parent="static_environment/house_on_platform" instance=ExtResource("10_2g8be")]
transform = Transform3D(-0.956671, 0.00219414, 0.291163, 0.0021484, 0.999998, -0.00047679, -0.291164, 0.000169405, -0.956673, -1.45454, 9.98034, 3.57336)

[node name="SM_Prop_Meadow_Fence_020" parent="static_environment/house_on_platform" instance=ExtResource("10_2g8be")]
transform = Transform3D(-0.727296, 0.00188976, 0.686321, 0.0021484, 0.999997, -0.00047679, -0.68632, 0.00112773, -0.727298, -3.23982, 9.98034, 1.91149)

[node name="SM_Prop_Meadow_Fence_021" parent="static_environment/house_on_platform" instance=ExtResource("10_2g8be")]
transform = Transform3D(-0.476104, 0.00144215, 0.879388, -0.0494876, 0.99837, -0.0284301, -0.877995, -0.0570544, -0.475257, -4.43745, 9.68273, -0.215144)

[node name="SM_Prop_Meadow_Fence_022" parent="static_environment/house_on_platform" instance=ExtResource("10_2g8be")]
transform = Transform3D(-0.197201, 0.00089108, 0.980363, -0.0453856, 0.998919, -0.0100373, -0.979312, -0.0464737, -0.196947, -4.939, 9.31874, -2.60607)

[node name="SM_Prop_Meadow_Fence_013" parent="static_environment/house_on_platform" instance=ExtResource("10_2g8be")]
transform = Transform3D(-0.999748, 0, -0.0224431, 0, 1, 0, 0.0224431, 0, -0.999748, 0.947568, 9.79855, 4.24615)

[node name="SM_Prop_Meadow_Fence_014" parent="static_environment/house_on_platform" instance=ExtResource("10_2g8be")]
transform = Transform3D(-0.562574, 0, -0.826747, 0, 1, 0, 0.826747, 0, -0.562574, 3.41494, 9.65416, 4.1852)

[node name="SM_Prop_Meadow_Fence_015" parent="static_environment/house_on_platform" instance=ExtResource("10_2g8be")]
transform = Transform3D(-0.278572, 0, -0.960415, 0, 1, 0, 0.960415, 0, -0.278572, 4.79555, 9.6868, 2.06202)

[node name="SM_Prop_Meadow_Fence_016" parent="static_environment/house_on_platform" instance=ExtResource("10_2g8be")]
transform = Transform3D(0.458479, 0, -0.888705, 0, 1, 0, 0.888705, 0, 0.458479, 5.47575, 9.57377, -0.270193)

[node name="SM_Prop_Meadow_Fence_017" parent="static_environment/house_on_platform" instance=ExtResource("10_2g8be")]
transform = Transform3D(0.637679, 0, -0.770302, 0, 1, 0, 0.770302, 0, 0.637679, 4.3053, 9.57377, -2.48524)

[node name="SM_Prop_Meadow_Fence_018" parent="static_environment/house_on_platform" instance=ExtResource("10_2g8be")]
transform = Transform3D(0.950878, 0, -0.309565, 0, 1, 0, 0.309565, 0, 0.950878, 2.7249, 9.5537, -4.47412)

[node name="SM_Prop_Meadow_Fence_019" parent="static_environment/house_on_platform" instance=ExtResource("10_2g8be")]
transform = Transform3D(1, 0, 0.000157028, 0, 1, 0, -0.000157028, 0, 1, 0.340528, 9.58374, -5.29547)

[node name="SM_Env_Tree_Large_013" parent="static_environment/house_on_platform" instance=ExtResource("19_tsr2l")]
transform = Transform3D(1, 0, 0, 0, 1, 0, 0, 0, 1, 1.19076, 10.467, 2.16401)

[node name="SM_Env_Tree_Large_015" parent="static_environment/house_on_platform" instance=ExtResource("19_tsr2l")]
transform = Transform3D(0.492256, 0, -0.87045, 0, 1, 0, 0.87045, 0, 0.492256, -0.856353, 14.1718, 34.606)

[node name="SM_Env_Tree_Large_014" parent="static_environment/house_on_platform" instance=ExtResource("19_tsr2l")]
transform = Transform3D(0.5758, 0, -0.494078, 0, 0.758722, 0, 0.494078, 0, 0.5758, 33.6879, 6.42662, -5.09718)

[node name="SM_Prop_Meadow_Fence_Post_012" parent="static_environment/house_on_platform" instance=ExtResource("11_24xjg")]
transform = Transform3D(1, 0, 0, 0, 1, 0, 0, 0, 1, -2.11058, 9.48766, -5.25036)

[node name="SM_Env_Rock_Pile_072" parent="static_environment" instance=ExtResource("12_r2rnu")]
transform = Transform3D(-1.00251, 0, -0.709105, 0, 1.22795, 0, 0.709105, 0, -1.00251, 0.963754, 3.33239, -36.7185)

[node name="SM_Env_Rock_Pile_073" parent="static_environment" instance=ExtResource("12_r2rnu")]
transform = Transform3D(1.00992, 0, 0.698515, 0, 1.22795, 0, -0.698515, 0, 1.00992, 13.55, 3.33239, -34.3124)

[node name="SM_Env_Rock_Pile_074" parent="static_environment" instance=ExtResource("12_r2rnu")]
transform = Transform3D(-1.00961, 0.0249389, 0.698515, -0.0303229, -1.22758, 0, 0.698302, -0.0172492, 1.00992, 15.6281, 4.1702, -31.5167)

[node name="SM_Env_Rock_Pile_075" parent="static_environment" instance=ExtResource("12_r2rnu")]
transform = Transform3D(0.00285803, 0.0275736, -1.22764, 0.435757, -1.14776, -0.0247651, -1.14803, -0.435589, -0.0124563, 32.3544, 3.12707, -10.3326)

[node name="SM_Prop_Bridge_012" parent="static_environment" instance=ExtResource("13_v45le")]
transform = Transform3D(0.164393, 0, -0.986395, 0, 1, 0, 0.986395, 0, 0.164393, 6.45563, 3.92641, -27.2017)

[node name="SM_Prop_Bridge_013" parent="static_environment" instance=ExtResource("13_v45le")]
transform = Transform3D(-0.991641, 0.0184466, 0.1277, 0.00788963, 0.996544, -0.0826869, -0.128784, -0.0809882, -0.98836, 24.6203, 3.9486, -40.0681)

[node name="SM_Prop_Wagon_Broken_012" parent="static_environment" instance=ExtResource("14_1i6cn")]
transform = Transform3D(-0.138758, 0, 0.990326, -0.157891, 0.987209, -0.0221227, -0.977659, -0.159433, -0.136983, 1.09227, 6.91537, -9.36584)

[node name="SM_Prop_Well_012" parent="static_environment" instance=ExtResource("15_w84jh")]
transform = Transform3D(-0.92719, 0, -0.37459, 0, 1, 0, 0.37459, 0, -0.92719, -9.1879, 8.44455, -5.05538)

[node name="SM_Env_Tree_Burnt_022" parent="static_environment" instance=ExtResource("16_fxy68")]
transform = Transform3D(2.77047, 0, 0, 0, 2.77047, 0, 0, 0, 2.77047, -12.2306, 5.57351, -30.9676)

[node name="SM_Env_Tree_Dead_042" parent="static_environment" instance=ExtResource("17_l7vry")]
transform = Transform3D(-0.811203, -0.430977, 0.395232, -0.539025, 0.289055, -0.791137, 0.226719, -0.854813, -0.46679, 1.66192, 5.30423, -23.0378)

[node name="tree_stump2" parent="static_environment" instance=ExtResource("18_d0n35")]
transform = Transform3D(-0.892746, 0, -1.71744, 0, 1.93561, 0, 1.71744, 0, -0.892746, -6.80203, 5.13973, -19.0886)

[node name="tree_stump5" parent="static_environment" instance=ExtResource("18_d0n35")]
transform = Transform3D(-2.55278, 0, -4.91096, 0, 5.53481, 0, 4.91096, 0, -2.55278, 2.31802, 2.23147, -20.6122)

[node name="tree_stump3" parent="static_environment" instance=ExtResource("18_d0n35")]
transform = Transform3D(0.471541, 0, -2.26643, 0, 2.31496, 0, 2.26643, 0, 0.471541, -13.1368, 5.68337, -23.3136)

[node name="tree_stump4" parent="static_environment" instance=ExtResource("18_d0n35")]
transform = Transform3D(1.42811, 0, 1.46472, 0, 2.04571, 0, -1.46472, 0, 1.42811, -8.65335, 4.89267, -25.809)

[node name="SM_Env_Tree_Large_012" parent="static_environment" instance=ExtResource("19_tsr2l")]
transform = Transform3D(1, 0, 0, 0, 1, 0, 0, 0, 1, -23.6737, 6.51683, -28.3017)

[node name="SM_Env_Tree_Large_022" parent="static_environment" instance=ExtResource("20_bt5sy")]
transform = Transform3D(1, 0, 0, 0, 1, 0, 0, 0, 1, -24.4899, 6.70747, -9.84672)

[node name="SM_Env_Tree_Large_023" parent="static_environment" instance=ExtResource("20_bt5sy")]
transform = Transform3D(0.591995, 0, 0.166749, 0, 1, 0, -0.121196, 0, 0.814502, 13.9741, 6.49719, -7.40305)

[node name="SM_Env_Tree_Round_012" parent="static_environment" instance=ExtResource("21_enkpu")]
transform = Transform3D(1, 0, 0, 0, 1, 0, 0, 0, 1, -28.2038, 5.9373, -24.0534)

[node name="SM_Env_Tree_Round_022" parent="static_environment" instance=ExtResource("22_rllul")]
transform = Transform3D(1, 0, 0, 0, 1, 0, 0, 0, 1, 27.2995, 2.27804, -50.7811)

[node name="SM_Env_Tree_Round_032" parent="static_environment" instance=ExtResource("23_5fv3u")]
transform = Transform3D(1, 0, 0, 0, 1, 0, 0, 0, 1, -30.763, 5.49557, -20.2481)

[node name="SM_Env_Bush_Small_012" parent="static_environment" instance=ExtResource("24_07osn")]
transform = Transform3D(2.20999, 0, 0, 0, 2.20999, 0, 0, 0, 2.20999, -21.6496, 5.81752, -26.3446)

[node name="SM_Env_Bush_Cluster_012" parent="static_environment" instance=ExtResource("25_w1fjc")]
transform = Transform3D(0.74818, 0, 0.663495, 0, 1, 0, -0.663495, 0, 0.74818, -26.0846, 6.03449, -14.4509)

[node name="SM_Env_Bush_Cluster_022" parent="static_environment" instance=ExtResource("26_4h01b")]
transform = Transform3D(1, 0, 0, 0, 1, 0, 0, 0, 1, -20.7085, 4.56359, -35.4074)

[node name="SM_Env_Bush_Small_022" parent="static_environment" instance=ExtResource("27_270re")]
transform = Transform3D(1, 0, 0, 0, 1, 0, 0, 0, 1, -3.32518, 7.51851, -7.14598)

[node name="SM_Env_Bush_Small_023" parent="static_environment" instance=ExtResource("27_270re")]
transform = Transform3D(0.626081, 0, -1.20044, 0, 1.35389, 0, 1.20044, 0, 0.626081, -0.028162, 7.63637, -7.53908)

[node name="SM_Env_Bush_Small_013" parent="static_environment" instance=ExtResource("24_07osn")]
transform = Transform3D(1, 0, 0, 0, 1, 0, 0, 0, 1, -6.25117, 8.44, -4.29907)

[node name="SM_Env_Bush_Cluster_013" parent="static_environment" instance=ExtResource("25_w1fjc")]
transform = Transform3D(-0.319191, 0, 0.60239, 0, 0.681731, 0, -0.60239, 0, -0.319191, 5.09726, 6.90855, -5.85131)

[node name="SM_Env_Bush_Cluster_014" parent="static_environment" instance=ExtResource("25_w1fjc")]
transform = Transform3D(-0.660581, 0, -0.16849, 0, 0.681731, 0, 0.16849, 0, -0.660581, 23.1646, 3.94226, -54.8365)

[node name="SM_Env_Rock_Small_Pile_022" parent="static_environment" instance=ExtResource("30_7feg1")]
transform = Transform3D(-20.0114, 0, -3.94204, 0, 20.396, 0, 3.94204, 0, -20.0114, -3.83398, 3.70746, -32.6656)

[node name="SM_Env_Rock_Small_Pile_023" parent="static_environment" instance=ExtResource("30_7feg1")]
transform = Transform3D(16.9827, 2.03654, 1.92623, -2.02356, 17.0916, -0.229518, -1.93985, 0, 17.1028, -12.5491, 3.76363, -15.6624)

[node name="Village house 1" parent="static_environment" instance=ExtResource("34_k13mp")]
transform = Transform3D(1, 0, 0, 0, 1, 0, 0, 0, 1, 18.7137, 8.74896, 10.6354)

[node name="SM_Bld_House_Stairs_Stone_022" parent="static_environment" instance=ExtResource("35_fkilg")]
transform = Transform3D(1.85641, 0, -1.01446, 0, 2.11551, 0, 1.01446, 0, 1.85641, 21.8145, 11.2481, 21.0643)

[node name="SM_Bld_House_Stairs_Stone_023" parent="static_environment" instance=ExtResource("35_fkilg")]
transform = Transform3D(1.85641, 0, -1.01446, 0, 2.11551, 0, 1.01446, 0, 1.85641, 24.1886, 13.9011, 22.3763)

[node name="SM_Bld_House_Stairs_Stone_024" parent="static_environment" instance=ExtResource("35_fkilg")]
transform = Transform3D(-0.487339, 0, -1.60927, 0, 1.68144, 0, 1.60927, 0, -0.487339, 18.2339, 9.67639, 17.4459)

[node name="SM_Env_Rock_Small_Pile_024" parent="static_environment" instance=ExtResource("30_7feg1")]
transform = Transform3D(1, 0, 0, 0, 1, 0, 0, 0, 1, 17.2704, 11.8206, 18.1194)

[node name="SM_Env_Rock_Small_Pile_025" parent="static_environment" instance=ExtResource("30_7feg1")]
transform = Transform3D(-0.889026, 0.00566223, 1.9101, 0.00315152, 2.10685, -0.00477868, -1.9101, 0.000840795, -0.889031, 18.9712, 12.0252, 18.7093)

[node name="SM_Env_Rock_Small_Pile_026" parent="static_environment" instance=ExtResource("30_7feg1")]
transform = Transform3D(1.05154, 0, 4.27562, 0, 4.40302, 0, -4.27562, 0, 1.05154, 17.8231, 9.86556, 13.8254)

[node name="SM_Prop_Stonewall_Pillar_012" parent="static_environment" instance=ExtResource("36_csggv")]
transform = Transform3D(0.381154, 0, 2.29714, 0, 2.32855, 0, -2.29714, 0, 0.381154, 27.9068, 16.9501, 26.9299)

[node name="Village house 2" parent="static_environment" instance=ExtResource("37_nvjfd")]
transform = Transform3D(-0.0641493, 0, 0.99794, 0, 1, 0, -0.99794, 0, -0.0641493, 35.9986, 9.55462, 7.40688)

[node name="Village house 3" parent="static_environment" instance=ExtResource("34_k13mp")]
transform = Transform3D(-0.986901, -0.0170762, -0.160422, 1.86265e-09, 0.994382, -0.105848, 0.161328, -0.104461, -0.981357, 30.7753, 8.04419, -0.78215)

[node name="Village house 4" parent="static_environment" instance=ExtResource("34_k13mp")]
transform = Transform3D(0.572275, 0, -0.820062, 0, 1, 0, 0.820062, 0, 0.572275, 16.9151, 8.30521, 1.67783)

[node name="SM_Bld_House_Stairs_Stone_Block_012" parent="static_environment" instance=ExtResource("38_lkjly")]
transform = Transform3D(2.16164, 0, -3.08463, 0, 3.76665, 0, 3.08463, 0, 2.16164, 19.7009, 3.56986, -0.150313)

[node name="SM_Bld_House_Stairs_Stone_Block_013" parent="static_environment" instance=ExtResource("38_lkjly")]
transform = Transform3D(3.76588, 0, -0.0761223, 0, 3.76665, 0, 0.0761223, 0, 3.76588, 19.1121, 4.63524, 7.24209)

[node name="SM_Bld_House_Stairs_Stone_Block_014" parent="static_environment" instance=ExtResource("38_lkjly")]
transform = Transform3D(4.99165, 0, 0.637363, 0, 3.76665, 0, -0.810616, 0, 3.92478, 38.0998, 3.42151, 0.811612)

[node name="DirectionalLight3D" type="DirectionalLight3D" parent="."]
transform = Transform3D(-0.232154, -0.730477, -0.642268, -0.32929, -0.562295, 0.758546, -0.915245, 0.387592, -0.109999, 0, 0, 0)
light_color = Color(0.96, 0.776, 0.48, 1)
light_energy = 2.094
light_angular_distance = 0.2
shadow_enabled = true

[node name="CharacterBody3D" parent="." instance=ExtResource("27_f6hob")]
transform = Transform3D(1, 0, 0, 0, 1, 0, 0, 0, 1, -16.0173, 7.26647, -15.6403)

[node name="harvestable_item" parent="." instance=ExtResource("27_7juq0")]
transform = Transform3D(2, 0, 0, 0, 2, 0, 0, 0, 2, -16.5562, 6.14511, -12.5017)
item_id = "mystilavender"

[node name="vegetation" type="Node3D" parent="."]
transform = Transform3D(1, 0, 0, 0, 1, 0, 0, 0, 1, -2.13828, 9.88268, -3.50433)

[node name="SM_Env_Fern_012" parent="vegetation" instance=ExtResource("28_2t30s")]

[node name="SM_Env_Fern_013" parent="vegetation" instance=ExtResource("28_2t30s")]
transform = Transform3D(1, 0, 0, 0, 1, 0, 0, 0, 1, -3.41216, -1.44412, -0.61521)

[node name="SM_Env_Fern_014" parent="vegetation" instance=ExtResource("28_2t30s")]
transform = Transform3D(1, 0, 0, 0, 1, 0, 0, 0, 1, 4.38952, -2.87934, -3.88142)

[node name="SM_Env_Fern_015" parent="vegetation" instance=ExtResource("28_2t30s")]
transform = Transform3D(0.991076, -0.12457, -0.0474316, 0.133294, 0.926207, 0.352666, 0, -0.355841, 0.934547, 0.55663, -2.64158, -6.21612)

[node name="SM_Env_Fern_016" parent="vegetation" instance=ExtResource("28_2t30s")]
transform = Transform3D(1, 0, 0, 0, 1, 0, 0, 0, 1, 5.98474, -3.81496, -8.60967)

[node name="SM_Env_Fern_017" parent="vegetation" instance=ExtResource("28_2t30s")]
transform = Transform3D(1, 0, 0, 0, 1, 0, 0, 0, 1, -5.48111, -4.64129, -14.9831)

[node name="SM_Env_Fern_022" parent="vegetation" instance=ExtResource("29_2t0gp")]
transform = Transform3D(1, 0, 0, 0, 1, 0, 0, 0, 1, -5.70554, -4.63962, -16.1939)

[node name="SM_Env_Fern_018" parent="vegetation" instance=ExtResource("28_2t30s")]
transform = Transform3D(1, 0, 0, 0, 1, 0, 0, 0, 1, -22.2467, -3.58229, -14.3482)

[node name="SM_Env_Fern_023" parent="vegetation" instance=ExtResource("29_2t0gp")]
transform = Transform3D(1, 0, 0, 0, 1, 0, 0, 0, 1, -21.7309, -3.51128, -15.089)

[node name="SM_Env_Fern_019" parent="vegetation" instance=ExtResource("28_2t30s")]
transform = Transform3D(1, 0, 0, 0, 1, 0, 0, 0, 1, -17.8358, -3.71316, -15.2583)

[node name="SM_Env_Fern_024" parent="vegetation" instance=ExtResource("29_2t0gp")]
transform = Transform3D(1, 0, 0, 0, 1, 0, 0, 0, 1, -18.7406, -3.71317, -15.7716)

[node name="SM_Env_Fern_020" parent="vegetation" instance=ExtResource("28_2t30s")]
transform = Transform3D(1, 0, 0, 0, 1, 0, 0, 0, 1, -28.4277, -4.32355, -18.3227)

[node name="SM_Env_Fern_021" parent="vegetation" instance=ExtResource("28_2t30s")]
transform = Transform3D(1, 0, 0, 0, 1, 0, 0, 0, 1, -26.509, -4.02107, -14.373)

[node name="SM_Env_Fern_025" parent="vegetation" instance=ExtResource("28_2t30s")]
transform = Transform3D(1, 0, 0, 0, 1, 0, 0, 0, 1, -5.7831, -1.37179, -1.11741)

[node name="SM_Env_Fern_026" parent="vegetation" instance=ExtResource("28_2t30s")]
transform = Transform3D(1, 0, 0, 0, 1, 0, 0, 0, 1, -0.174, -4.72843, -10.4414)

[node name="SM_Env_Fern_027" parent="vegetation" instance=ExtResource("29_2t0gp")]
transform = Transform3D(1, 0, 0, 0, 1, 0, 0, 0, 1, -1.16714, -4.74187, -10.3923)

[node name="SM_Env_Fern_028" parent="vegetation" instance=ExtResource("29_2t0gp")]
transform = Transform3D(1, 0, 0, 0, 1, 0, 0, 0, 1, -5.30998, -4.6756, -9.25717)

[node name="SM_Env_Fern_029" parent="vegetation" instance=ExtResource("28_2t30s")]
transform = Transform3D(1, 0, 0, 0, 1, 0, 0, 0, 1, 4.15721, -4.47824, -10.6366)

[node name="SM_Env_Fern_030" parent="vegetation" instance=ExtResource("28_2t30s")]
transform = Transform3D(1, 0, 0, 0, 1, 0, 0, 0, 1, -16.1193, -3.9878, -27.2553)

[node name="SM_Env_Fern_031" parent="vegetation" instance=ExtResource("29_2t0gp")]
transform = Transform3D(1, 0, 0, 0, 1, 0, 0, 0, 1, -14.4269, -4.20184, -29.5207)

[node name="SM_Env_Fern_032" parent="vegetation" instance=ExtResource("29_2t0gp")]
transform = Transform3D(1, 0, 0, 0, 1, 0, 0, 0, 1, -10.2606, -4.16111, -20.8559)

[node name="SM_Env_Fern_033" parent="vegetation" instance=ExtResource("28_2t30s")]
transform = Transform3D(1, 0, 0, 0, 1, 0, 0, 0, 1, -11.2521, -4.04072, -21.0434)

[node name="SM_Env_Fern_034" parent="vegetation" instance=ExtResource("28_2t30s")]
transform = Transform3D(1, 0, 0, 0, 1, 0, 0, 0, 1, 1.18737, -2.17576, -4.49529)

[node name="SM_Env_Fern_035" parent="vegetation" instance=ExtResource("28_2t30s")]
transform = Transform3D(1, 0, 0, 0, 1, 0, 0, 0, 1, 6.46677, -0.28164, 1.33076)

[node name="SM_Env_Fern_036" parent="vegetation" instance=ExtResource("28_2t30s")]
transform = Transform3D(1, 0, 0, 0, 1, 0, 0, 0, 1, 4.94845, -0.0233498, -0.0289001)

[node name="SM_Env_Fern_037" parent="vegetation" instance=ExtResource("28_2t30s")]
transform = Transform3D(1, 0, 0, 0, 1, 0, 0, 0, 1, 9.47261, -2.66363, -3.47929)

[node name="SM_Env_Flowers_012" parent="vegetation" instance=ExtResource("31_yx6jr")]
transform = Transform3D(1, 0, 0, 0, 1, 0, 0, 0, 1, -0.43226, -2.7502, -6.49422)

[node name="SM_Env_Flowers_013" parent="vegetation" instance=ExtResource("31_yx6jr")]
transform = Transform3D(1, 0, 0, 0, 1, 0, 0, 0, 1, 5.32679, -4.10423, -9.44167)

[node name="SM_Env_Flowers_014" parent="vegetation" instance=ExtResource("31_yx6jr")]
transform = Transform3D(1, 0, 0, 0, 1, 0, 0, 0, 1, -0.79811, -4.73872, -10.7989)

[node name="SM_Env_Flowers_015" parent="vegetation" instance=ExtResource("31_yx6jr")]
transform = Transform3D(1, 0, 0, 0, 1, 0, 0, 0, 1, 3.64178, -4.56714, -10.8496)

[node name="SM_Env_Flowers_016" parent="vegetation" instance=ExtResource("31_yx6jr")]
transform = Transform3D(1, 0, 0, 0, 1, 0, 0, 0, 1, -9.75482, -1.75559, 1.75769)

[node name="SM_Env_Flowers_017" parent="vegetation" instance=ExtResource("31_yx6jr")]
transform = Transform3D(1, 0, 0, 0, 1, 0, 0, 0, 1, -7.45395, -1.5202, -0.39298)

[node name="SM_Env_Flowers_018" parent="vegetation" instance=ExtResource("31_yx6jr")]
transform = Transform3D(1, 0, 0, 0, 1, 0, 0, 0, 1, -1.79389, -0.3307, 2.26515)

[node name="SM_Env_Flowers_022" parent="vegetation" instance=ExtResource("32_8eth5")]
transform = Transform3D(1, 0, 0, 0, 1, 0, 0, 0, 1, 0.76214, -2.42686, -5.1153)

[node name="SM_Env_Flowers_023" parent="vegetation" instance=ExtResource("32_8eth5")]
transform = Transform3D(1, 0, 0, 0, 1, 0, 0, 0, 1, -6.12341, -1.40122, -1.48871)

[node name="SM_Env_Flowers_019" parent="vegetation" instance=ExtResource("31_yx6jr")]
transform = Transform3D(1, 0, 0, 0, 1, 0, 0, 0, 1, -7.60463, -1.74674, -2.83142)

[node name="SM_Env_Flowers_020" parent="vegetation" instance=ExtResource("31_yx6jr")]
transform = Transform3D(1, 0, 0, 0, 1, 0, 0, 0, 1, -1.92506, -1.78582, -2.99933)

[node name="SM_Env_Fern_038" parent="vegetation" instance=ExtResource("28_2t30s")]
transform = Transform3D(1, 0, 0, 0, 1, 0, 0, 0, 1, -10.8589, -3.96684, -13.513)

[node name="SM_Env_Fern_039" parent="vegetation" instance=ExtResource("28_2t30s")]
transform = Transform3D(1, 0, 0, 0, 1, 0, 0, 0, 1, -10.696, -4.03374, -11.3107)

[node name="SM_Env_Flowers_021" parent="vegetation" instance=ExtResource("31_yx6jr")]
transform = Transform3D(1, 0, 0, 0, 1, 0, 0, 0, 1, -10.6489, -4.01493, -12.5487)

[node name="SM_Env_Bush_Small_022" parent="vegetation" instance=ExtResource("27_270re")]
transform = Transform3D(1.46529, 0, 0, 0, 1.46529, 0, 0, 0, 1.46529, -11.6786, -3.8746, -12.5865)

[node name="SM_Env_Fern_040" parent="vegetation" instance=ExtResource("28_2t30s")]
transform = Transform3D(2.29447, 0, 0, 0, 2.29447, 0, 0, 0, 2.29447, 38.0322, 7.91102, 29.8386)

[node name="SM_Env_Fern_041" parent="vegetation" instance=ExtResource("28_2t30s")]
transform = Transform3D(-1.16877, -0.478066, -1.91573, -0.248985, 2.24412, -0.40811, 1.95872, 0, -1.195, 25.8683, 6.44152, 29.8386)

[node name="SM_Env_Fern_042" parent="vegetation" instance=ExtResource("28_2t30s")]
transform = Transform3D(-2.44947, 3.06957, -4.01493, 1.59868, 4.70314, 2.6204, 4.79438, 8.33351e-08, -2.92501, 38.0982, 13.3067, 38.128)

[node name="SM_Env_Fern_043" parent="vegetation" instance=ExtResource("28_2t30s")]
transform = Transform3D(-1.1217, -2.36826, -1.83858, -1.23343, 2.15374, -2.02171, 2.73271, 7.52486e-08, -1.6672, 28.5549, 13.9325, 37.6567)

[node name="SM_Env_Fern_044" parent="vegetation" instance=ExtResource("28_2t30s")]
transform = Transform3D(1, 0, 0, 0, 1, 0, 0, 0, 1, 19.5451, -0.0413399, 15.7075)

[node name="SM_Env_Fern_045" parent="vegetation" instance=ExtResource("28_2t30s")]
transform = Transform3D(1.81821, 0, 0, 0, 1.81821, 0, 0, 0, 1.81821, 19.9745, 2.51202, 25.7653)

[node name="SM_Env_Fern_046" parent="vegetation" instance=ExtResource("29_2t0gp")]
transform = Transform3D(1, 0, 0, 0, 1, 0, 0, 0, 1, 19.7605, 2.49682, 25.065)

[node name="SM_Env_Fern_047" parent="vegetation" instance=ExtResource("29_2t0gp")]
transform = Transform3D(0.402651, 0, -0.915354, 0, 1, 0, 0.915354, 0, 0.402651, 18.1301, 2.15362, 25.1078)

[node name="SM_Env_Fern_048" parent="vegetation" instance=ExtResource("28_2t30s")]
transform = Transform3D(2.01696, -0.751263, 0, 0.751263, 2.01696, 0, 0, 0, 2.15233, 18.5463, 1.01392, 20.2986)

[node name="SM_Env_Fern_049" parent="vegetation" instance=ExtResource("29_2t0gp")]
transform = Transform3D(1.24799, 0, -1.45349, 0, 1.91576, 0, 1.45349, 0, 1.24799, 22.9535, -0.00154972, 18.9814)

[node name="SM_Env_Fern_050" parent="vegetation" instance=ExtResource("29_2t0gp")]
transform = Transform3D(1, 0, 0, 0, 1, 0, 0, 0, 1, 23.473, -0.000699997, 18.5969)

[node name="SM_Env_Fern_051" parent="vegetation" instance=ExtResource("29_2t0gp")]
transform = Transform3D(1, 0, 0, 0, 1, 0, 0, 0, 1, 22.4546, 1.71372, 20.8098)

[node name="SM_Env_Fern_052" parent="vegetation" instance=ExtResource("28_2t30s")]
transform = Transform3D(1.82261, -0.432493, 0, 0.404858, 1.70615, 0.658863, -0.15212, -0.641062, 1.75353, 24.7894, 1.87512, 21.3815)

[node name="SM_Env_Fern_053" parent="vegetation" instance=ExtResource("29_2t0gp")]
transform = Transform3D(1.48358, 0, 0, 0, 1.48358, 0, 0, 0, 1.48358, 26.3853, 1.76502, 22.7494)

[node name="SM_Env_Bush_Small_012" parent="vegetation" instance=ExtResource("24_07osn")]
transform = Transform3D(1, 0, 0, 0, 1, 0, 0, 0, 1, 33.89, -0.261559, 10.0486)

[node name="SM_Env_Bush_Small_023" parent="vegetation" instance=ExtResource("27_270re")]
transform = Transform3D(1, 0, 0, 0, 1, 0, 0, 0, 1, 20.1645, -3.84422, -3.22123)

[node name="SM_Env_Flowers_024" parent="vegetation" instance=ExtResource("31_yx6jr")]
transform = Transform3D(1, 0, 0, 0, 1, 0, 0, 0, 1, 33.3287, -2.93234, 1.01883)

[node name="SM_Env_Flowers_025" parent="vegetation" instance=ExtResource("32_8eth5")]
transform = Transform3D(1, 0, 0, 0, 1, 0, 0, 0, 1, 37.8971, -1.8142, -0.0773301)

[node name="SM_Env_Fern_054" parent="vegetation" instance=ExtResource("28_2t30s")]
transform = Transform3D(1, 0, 0, 0, 1, 0, 0, 0, 1, 32.2968, -1.84765, 2.05329)

[node name="SM_Env_Fern_055" parent="vegetation" instance=ExtResource("28_2t30s")]
transform = Transform3D(1, 0, 0, 0, 1, 0, 0, 0, 1, 34.8504, -0.26972, 9.9003)

[node name="SM_Env_Fern_056" parent="vegetation" instance=ExtResource("28_2t30s")]
transform = Transform3D(1.576, 0, 0, 0, 1.576, 0, 0, 0, 1.576, 26.8999, -0.0404997, 19.3097)

[node name="SM_Env_Fern_057" parent="vegetation" instance=ExtResource("28_2t30s")]
transform = Transform3D(1.2644, 0, 0, 0, 1.2644, 0, 0, 0, 1.2644, 20.0392, -1.55931, 6.24344)

[node name="SM_Env_Fern_058" parent="vegetation" instance=ExtResource("28_2t30s")]
transform = Transform3D(0.998619, 0, 0, 0, 0.998619, 0, 0, 0, 0.998619, 31.1418, -0.0674295, 13.797)

[node name="SM_Env_Fern_059" parent="vegetation" instance=ExtResource("28_2t30s")]
transform = Transform3D(1.71689, 0, 0, 0, 1.67469, 0.378299, 0, -0.378299, 1.67469, 36.0481, -3.25667, -2.73549)

[node name="SM_Env_Fern_060" parent="vegetation" instance=ExtResource("29_2t0gp")]
transform = Transform3D(1, 0, 0, 0, 1, 0, 0, 0, 1, 37.422, 7.62542, 29.0762)

[node name="SM_Env_Fern_061" parent="vegetation" instance=ExtResource("29_2t0gp")]
transform = Transform3D(1, 0, 0, 0, 1, 0, 0, 0, 1, 38.3894, 8.07562, 28.2869)

[node name="SM_Env_Fern_062" parent="vegetation" instance=ExtResource("28_2t30s")]
transform = Transform3D(1, 0, 0, 0, 1, 0, 0, 0, 1, 18.3904, -4.15257, -4.94295)

[node name="SM_Env_Fern_063" parent="vegetation" instance=ExtResource("28_2t30s")]
transform = Transform3D(1, 0, 0, 0, 1, 0, 0, 0, 1, 22.4142, -5.85796, -23.2583)

[node name="SM_Env_Fern_064" parent="vegetation" instance=ExtResource("28_2t30s")]
transform = Transform3D(1, 0, 0, 0, 1, 0, 0, 0, 1, 18.2828, -4.9542, -14.0048)

[node name="SM_Env_Fern_065" parent="vegetation" instance=ExtResource("29_2t0gp")]
transform = Transform3D(1, 0, 0, 0, 1, 0, 0, 0, 1, 25.3608, -6.60014, -21.6122)

[node name="SM_Env_Fern_066" parent="vegetation" instance=ExtResource("29_2t0gp")]
transform = Transform3D(1, 0, 0, 0, 1, 0, 0, 0, 1, 17.5039, -5.11705, -14.3315)

[node name="SM_Env_Flowers_026" parent="vegetation" instance=ExtResource("31_yx6jr")]
transform = Transform3D(0.814915, 0, 0.57958, 0, 1, 0, -0.57958, 0, 0.814915, 20.1118, -5.84163, -21.5484)

[node name="SM_Env_Flowers_027" parent="vegetation" instance=ExtResource("31_yx6jr")]
transform = Transform3D(0.748817, 0, 0.662777, 0, 1, 0, -0.662777, 0, 0.748817, 16.0504, -5.87944, -20.7736)

[node name="SM_Env_Flowers_028" parent="vegetation" instance=ExtResource("31_yx6jr")]
transform = Transform3D(0.652799, 0, -0.757531, 0, 1, 0, 0.757531, 0, 0.652799, 17.4643, -5.64194, -25.2685)

[node name="SM_Env_Flowers_029" parent="vegetation" instance=ExtResource("31_yx6jr")]
transform = Transform3D(0.938577, 0, 0.345069, 0, 1, 0, -0.345069, 0, 0.938577, 25.5798, -6.13619, -12.9329)

[node name="SM_Env_Flowers_030" parent="vegetation" instance=ExtResource("31_yx6jr")]
transform = Transform3D(0.818741, 0, 0.574162, 0, 1, 0, -0.574162, 0, 0.818741, 19.2107, -5.79231, -24.8683)

[node name="SM_Env_Flowers_031" parent="vegetation" instance=ExtResource("31_yx6jr")]
transform = Transform3D(0.643469, 0.00400798, -0.765462, 0, 0.999986, 0.00523596, 0.765472, -0.00336918, 0.64346, 22.2386, -6.08115, -28.0446)

[node name="SM_Env_Flowers_032" parent="vegetation" instance=ExtResource("32_8eth5")]
transform = Transform3D(0.559786, 0, -0.828637, 0, 1, 0, 0.828637, 0, 0.559786, 15.1476, -5.57696, -25.9079)

[node name="SM_Env_Flowers_033" parent="vegetation" instance=ExtResource("32_8eth5")]
transform = Transform3D(0.775341, 0, -0.631542, 0, 1, 0, 0.631542, 0, 0.775341, 26.9817, -6.95154, -26.3152)

[node name="SM_Env_Flowers_034" parent="vegetation" instance=ExtResource("31_yx6jr")]
transform = Transform3D(1, 0, 0, 0, 1, 0, 0, 0, 1, 25.1114, -6.15354, -17.7662)

[node name="SM_Env_Fern_067" parent="vegetation" instance=ExtResource("29_2t0gp")]
transform = Transform3D(1, 0, 0, 0, 1, 0, 0, 0, 1, 12.6775, -5.76652, -17.9253)

[node name="SM_Env_Fern_068" parent="vegetation" instance=ExtResource("28_2t30s")]
transform = Transform3D(1, 0, 0, 0, 1, 0, 0, 0, 1, 15.259, -4.90795, -10.8835)

[node name="SM_Env_Flowers_035" parent="vegetation" instance=ExtResource("32_8eth5")]
transform = Transform3D(0.741566, 0, 0.67088, 0, 1, 0, -0.67088, 0, 0.741566, 13.0964, -5.79155, -20.0194)

[node name="SM_Env_Flowers_036" parent="vegetation" instance=ExtResource("31_yx6jr")]
transform = Transform3D(0.465213, 0, -0.885199, 0, 1, 0, 0.885199, 0, 0.465213, 17.0445, -5.6567, -28.6403)

[node name="SM_Env_Bush_Small_024" parent="vegetation" instance=ExtResource("27_270re")]
transform = Transform3D(1.5513, 0, 0, 0, 1.5513, 0, 0, 0, 1.5513, 16.33, -4.50281, -9.53057)

[node name="SM_Env_Bush_Small_013" parent="vegetation" instance=ExtResource("24_07osn")]
transform = Transform3D(1.74814, 0, 0, 0, 1.74814, 0, 0, 0, 1.74814, 39.0345, -6.17958, -9.21377)

[node name="SM_Env_Bush_Small_025" parent="vegetation" instance=ExtResource("27_270re")]
transform = Transform3D(1.2264, 0, 0, 0, 1.2264, 0, 0, 0, 1.2264, 38.6663, -6.49082, -9.91277)

[node name="SM_Env_Bush_Small_026" parent="vegetation" instance=ExtResource("27_270re")]
transform = Transform3D(1.65928, 0, 0, 0, 1.65928, 0, 0, 0, 1.65928, 40.4674, -1.64288, 1.24352)

[node name="SM_Env_Fern_069" parent="vegetation" instance=ExtResource("28_2t30s")]
transform = Transform3D(1.59342, -0.189539, -0.0378255, 0.193276, 1.56261, 0.311843, 1.86265e-09, -0.314128, 1.57406, 30.4206, 5.92922, 19.5361)

[node name="SM_Env_Fern_070" parent="vegetation" instance=ExtResource("28_2t30s")]
transform = Transform3D(0.978282, -0.20728, 3.72529e-09, 0.204458, 0.964961, 0.164462, -0.0340897, -0.16089, 0.986383, 22.5339, 6.28962, 25.303)

[node name="SM_Env_Flowers_037" parent="vegetation" instance=ExtResource("31_yx6jr")]
transform = Transform3D(0.748817, 0, 0.662777, 0, 1, 0, -0.662777, 0, 0.748817, 31.6792, -0.33776, 8.29328)

[node name="SM_Env_Flowers_038" parent="vegetation" instance=ExtResource("31_yx6jr")]
transform = Transform3D(0.169797, 0, 0.985479, 0, 1, 0, -0.985479, 0, 0.169797, 24.4353, -0.0789404, 13.8179)

[node name="SM_Env_Flowers_039" parent="vegetation" instance=ExtResource("31_yx6jr")]
transform = Transform3D(0.628655, 0, 0.777684, 0, 1, 0, -0.777684, 0, 0.628655, 23.8884, -0.16765, 11.6368)

